# Extract the cost matrix used to compute this model

Extract the cost matrix used to compute this model

## Usage

``` r
costs(sim, ...)
```

## Arguments

- sim:

  a spatial interaction model with a cost matrix

- ...:

  additional parameters

## Value

the cost matrix

## Examples

``` r
positions <- matrix(rnorm(10 * 2), ncol = 2)
distances <- as.matrix(dist(positions))
production <- rep(1, 10)
attractiveness <- c(2, rep(1, 9))
model <- static_blvim(distances, production, 1.5, 1, attractiveness)
costs(model) ## should be equal to distances above
#>            1         2         3         4         5        6         7
#> 1  0.0000000 2.4327782 0.8668501 2.0076967 1.7491172 2.678447 2.3616220
#> 2  2.4327782 0.0000000 3.0962405 3.0078283 1.9865063 2.715466 3.6879614
#> 3  0.8668501 3.0962405 0.0000000 1.5815172 1.8122429 2.514123 1.7036951
#> 4  2.0076967 3.0078283 1.5815172 0.0000000 1.0327424 1.070578 0.6972269
#> 5  1.7491172 1.9865063 1.8122429 1.0327424 0.0000000 1.006080 1.7267010
#> 6  2.6784470 2.7154660 2.5141233 1.0705782 1.0060798 0.000000 1.6103162
#> 7  2.3616220 3.6879614 1.7036951 0.6972269 1.7267010 1.610316 0.0000000
#> 8  2.1084225 0.9541694 2.5497113 2.1170403 1.0845204 1.763741 2.8110675
#> 9  2.0714351 1.7185293 2.2427550 1.4214261 0.4579489 1.019305 2.1173425
#> 10 0.5921931 2.4508800 0.6544131 1.4155043 1.2785807 2.135256 1.7989721
#>            8         9        10
#> 1  2.1084225 2.0714351 0.5921931
#> 2  0.9541694 1.7185293 2.4508800
#> 3  2.5497113 2.2427550 0.6544131
#> 4  2.1170403 1.4214261 1.4155043
#> 5  1.0845204 0.4579489 1.2785807
#> 6  1.7637408 1.0193047 2.1352562
#> 7  2.8110675 2.1173425 1.7989721
#> 8  0.0000000 0.7661321 1.9028600
#> 9  0.7661321 0.0000000 1.6688482
#> 10 1.9028600 1.6688482 0.0000000
all.equal(costs(model), distances)
#> [1] TRUE
```
